0.06334543165637593
0.04613250692836076
0.04375607953217405
0.0418939019167607
0.04102270812312099
0.04010284212007196
0.03937327222922609
0.038827762064199904
0.03822123100578649
0.0377434772830706
0.03709317372567219
0.03637976942940255
0.03542130694286613
0.03500214455583826
0.03448278118854133
0.03381278552632757
0.033099533274999496
0.03258091514463644
0.032337531437996156
0.03179128703821073
0.03130324671479422
0.03086051313474394
0.030207064572325373
0.03014360398248531
0.029690214899496387
0.029373257861787815
0.029159449837350592
0.028829011475841052
0.028578400301201224
0.02813301494899108
0.02799753959452847
0.027845376162463315
0.02767661367565401
0.027282601202625593
0.026751874616552717
0.026780297330116755
0.026547594230818816
0.02648738550908613
0.026066847459528673
0.02587940758727312
0.025822556334730573
0.025203401120207754
0.02548967980390656
0.025072045505987347
0.024795288749374325
0.024737648471026278
0.024613994242607445
0.024323819454647327
0.02418669417315973
0.02376439039954821
0.023811690726321937
0.023691460374429246
0.02332980354736181
0.023126668980477404
0.02308225536863476
0.02284110768912099
0.022546737402346147
0.022377547028241268
0.021950431045221052
0.02177107164018197
0.021589171340501246
0.021427503966090652
0.02115943938604819
0.021064839259708864
0.020592245047581084
0.020645707191855642
0.02032112841213596
0.020109143954251476
0.019993826284927418
0.01973602051818675
0.01959340633529796
0.019080662891355342
0.019189576886449313
0.018773888977513278
0.018674606030408197
0.018499073516676335
0.01819135888253939
0.018076025253636746
0.017885010530863835
0.017490399110566147
0.01739613685332331
0.01719088992256919
0.01705685062797602
0.016882596921108876
0.01674951386673525
0.016484652734146232
0.016118042530632693
0.01583265616410921
0.015781323873834054
0.015722392515733836
0.01539747146214082
0.015268157195560643
0.015141334852577008
0.014933428975866695
0.014803404972523955
0.014690365821889458
0.014379823806330596
0.014309204778275558
0.014121463347206611
0.013901241651825873
