0.9809859446693557
0.9877606002194489
0.9886214242067065
0.9890283406729767
0.9891994149509572
0.9892922479274269
0.9893569117216622
0.9894243480883856
0.9894890388756772
0.9895205860460892
0.9896006204577628
0.9896558559630777
0.9897193166382361
0.9897953715021935
0.9898970312080451
0.9900004685994559
0.9901252690667843
0.9902248695880619
0.990381537286326
0.9905154691189565
0.9906475885606698
0.9907948009769574
0.9909639278987395
0.991084540586204
0.9912225869318316
0.9913250679978223
0.9914339271373811
0.991542304258079
0.9916278491093711
0.991712950503311
0.9917911378187093
0.9918937345692266
0.9919561155221364
0.9920423853297953
0.9921199710856552
0.9921713118785735
0.9922197065722138
0.9922751194604695
0.9923301737266929
0.9923879234423865
0.9924594743221072
0.9925037467904485
0.9925483971615768
0.9926259057944189
0.9926771154782071
0.9927140766844654
0.992790709971056
0.9928341803600127
0.9928892731877448
0.9929603767539625
0.9929895601038804
0.9930598461661099
0.9931267542401618
0.9931712465091037
0.9932066035565927
0.9932809617141596
0.9933334439277408
0.9934001591942483
0.9934638705192144
0.9935295561934349
0.9935942739737826
0.9936210202363395
0.9936916996259595
0.9937793422233344
0.9938511514651646
0.9938845148826447
0.993997029653245
0.9940020118001919
0.9940548564919565
0.9941405941507929
0.9941683584371841
0.9942881806137166
0.9943120309069569
0.9943550886877686
0.9944527919828093
0.9944565671545283
0.9945370334551014
0.9946102039181948
0.9946553440204858
0.9947007154918301
0.9947710555401721
0.9947946166220958
0.9948518727504758
0.9948863004656009
0.9949461016535669
0.994994808695429
0.9951040881554346
0.9951597594057998
0.9951699049387853
0.9952101940032596
0.9953006284538772
0.9952653986593675
0.9953613782549615
0.9954078410170071
0.9954809035078757
0.9955071716077225
0.9955638107519605
0.9956248883258703
0.9956493671717052
0.9957238448699496
