0.0342313066216236
0.012268903157336034
0.01154179436064991
0.011159895278375982
0.010982985755850909
0.0108872390024332
0.010829256342504845
0.010789917144768594
0.010758769838009967
0.01073593221861838
0.010713106672763675
0.010704186891264685
0.010691024104850157
0.010682063024361152
0.010670690943899105
0.010664198866750907
0.010656814049248717
0.01065060273702507
0.010642848209409
0.010638094884853
0.010631544734846772
0.010625647956169793
0.010625255235774683
0.010618549513886877
0.010612247259790793
0.010611016976256145
0.010606316557035908
0.010602902580078033
0.010597380553531073
0.010590997187169831
0.010585472830080506
0.010581836185710153
0.010579538841806926
0.010572741495853487
0.010565852907766104
0.010561154024304324
0.010553320133830296
0.010546869812036648
0.01053948675738664
0.01052605287078462
0.010515538947441396
0.01051290516946573
0.010500603030728294
0.0104973389137991
0.010483878354260937
0.010474001127348153
0.010463851994990414
0.01046017689558251
0.010446381998065524
0.010448263797580458
0.010438955451098466
0.01042971240146152
0.010420188285873594
0.01041528846318218
0.010403485664622875
0.010396342805996519
0.010391186739795619
0.010385697353080514
0.01037412303663924
0.010369548791092635
0.010355604319657404
0.010354136068789094
0.010340888905655503
0.010339764001611447
0.010329345725796833
0.010323626522585798
0.010318876876542144
0.010307120352499572
0.010299891038447815
0.010292687587014482
0.010287182987285159
0.010278762895063165
0.010265889079779544
0.010261819319086797
0.010258792544624964
0.01025380816386901
0.010235543457087716
0.010231013025449237
0.01023399226505395
0.010217928491078086
0.010211139570216519
0.010187002170255744
0.010193531788976914
0.010176162596952969
0.010157002006912906
0.010162225159745129
0.01014202465436221
0.010128794829432925
0.010141184781745098
0.010127362377644113
0.010105587804719658
0.010098027471864363
0.010094197239846345
0.010088566413193015
0.010086303959582505
0.010077213606542262
0.010066616450245066
0.010054062200168377
0.010051300221033128
0.0100394629993134
