0.9795850937433366
0.9879249763633375
0.9886043568828776
0.9889426377194983
0.9890902126139693
0.9891685657438558
0.9892169334444398
0.9892480410136506
0.989273603437885
0.9892932042528471
0.9893115826679776
0.9893186664171583
0.9893291165860638
0.989336493402712
0.9893458792739726
0.9893515092542685
0.9893577369379521
0.9893628386255765
0.9893701845930175
0.9893744842012573
0.9893801026131006
0.989385343122157
0.9893850192054824
0.9893916787780653
0.9893972277791927
0.9893980992692933
0.9894026880888497
0.9894060313716693
0.9894109556763528
0.9894167437588353
0.9894228750387466
0.9894259908086639
0.989427803199581
0.9894342661084687
0.9894411030639926
0.9894456957396999
0.9894537666635077
0.9894594390614635
0.9894670279664104
0.9894801735847865
0.9894905929044849
0.989493334627766
0.9895053041201214
0.9895087052452043
0.9895220089657668
0.9895317110414001
0.9895423887232081
0.9895453348224863
0.9895589470351197
0.9895575086908386
0.9895663662694276
0.9895758138391024
0.9895849529167061
0.989589422195585
0.9896016886115586
0.9896089998736416
0.9896141825404347
0.9896196582746951
0.9896309066668345
0.9896358386838198
0.9896491115551752
0.9896508121177167
0.9896637996339063
0.9896654307857318
0.9896759156599954
0.9896812564289748
0.9896863234112412
0.9896976527825492
0.9897050835853096
0.9897122406013572
0.9897179554169727
0.9897259684985172
0.9897385472627128
0.9897433635951716
0.989746128455358
0.9897505784534824
0.989769165100761
0.9897734377159445
0.9897708888002077
0.9897868031349211
0.9897932043453946
0.9898177140404366
0.9898114477952442
0.9898290241309902
0.9898481005094315
0.9898423741253632
0.9898626343421271
0.9898756951251836
0.9898632860316271
0.9898768905319588
0.9898988937289238
0.9899069646527318
0.989910832372072
0.9899160304634687
0.9899181050726462
0.9899273251294186
0.9899377945790786
0.989950585431573
0.9899528567044459
0.9899647413614816
