0.967431203842
0.967491355277
0.967642612168
0.967824620397
0.967866710516
0.968137988266
0.96838723535
0.968595054475
0.968724740586
0.968853417236
0.968998598281
0.969099368784
0.969198532546
0.969303243571
0.969315916213
0.96938047017
0.969456397255
0.969521848086
0.969459397013
0.969645672074
0.969531272899
0.969751064342
0.969793934932
0.969654493882
0.969848567932
0.969765124277
0.969820556831
0.969915415597
0.969676835592
0.96990375814
0.969839904508
0.969894533693
0.969832630286
0.969999992749
0.969693126264
0.969862738546
0.969886332064
0.969820240063
0.969869213215
