0.0453179213321
0.0434786858003
0.0421855990286
0.0409092677238
0.0403758578525
0.0390738996821
0.0379370417848
0.0375402314632
0.0365921353173
0.0362283725103
0.0357361802679
0.0353973285125
0.0348917120756
0.034710076503
0.0344346092017
0.0339675708454
0.0344160266604
0.0334172814847
0.0342967021327
0.033298873941
0.0337380991504
0.0327903586711
0.0324511888616
0.0331288014895
0.0325290464915
0.0326874998215
0.0326373231898
0.0323115574655
0.0329048229816
0.03252381018
0.03213050534
0.032230028171
0.0326688749873
0.0316350161157
0.0334037699205
0.0319565249226
0.0327398984886
0.0323563198596
0.0320681018418
