0.0561083865779
0.0477112730529
0.0462232521919
0.0448512867731
0.0436333237341
0.0429396374753
0.0416197464468
0.0405878972869
0.0402430928882
0.0390963492229
0.0390173041056
0.0381386118152
0.0384037689126
0.0374687328153
0.0377462726514
0.0372001227516
0.0368847490162
0.0369315940845
0.036644420246
0.0365397457757
0.0362955299327
0.0362803198198
0.0360456366568
0.0359225245411
0.0357956982833
0.0356531721009
0.03568523916
0.03554702647
0.035549639115
0.0352643889073
0.0346650572888
0.0341482682639
0.0343130629132
0.0344615181232
0.0344864348435
0.0344004914622
0.0341257217537
0.0342222418281
0.034372446913
0.0344837583647
0.0343701756354
0.0342006097408
0.0343872030168
0.034295025875
0.0343573862862
0.034095668381
0.0345631236399
0.0342662141767
0.0342893147312
0.0342839617339
