0.964557519244
0.965621073257
0.965750103746
0.965933238992
0.966191231253
0.966343945123
0.966582230374
0.966806212753
0.966936383165
0.967160567111
0.967256445141
0.967432863771
0.967473476506
0.96765114806
0.967614627749
0.967748669168
0.967743240597
0.967792328316
0.967878805222
0.967882021401
0.967940890971
0.967970346504
0.967978629083
0.968041678384
0.968065433536
0.968076670143
0.968061255597
0.968086320172
0.968089998773
0.968155757016
0.968256596347
0.968356917255
0.968359271926
0.968309794816
0.968342781592
0.968340675825
0.968397063484
0.96834593337
0.968377872607
0.968346318663
0.968364088924
0.968371627078
0.968381676425
0.968367920991
0.96834023757
0.96838313855
0.968324334376
0.968356256817
0.968373263285
0.968393042829
