0.9650656753397362
0.9844701698039077
0.9864841911387257
0.985905996018478
0.9888988665507724
0.988570496021933
0.9893066892125012
0.9890305541035862
0.9894308495587824
0.9893513665766857
0.989124482226908
0.9887255209999191
0.9892342514180763
0.9896521424897728
0.9884465130585928
0.9897167638663484
0.9896707175685988
0.9887652586348165
0.9897466143303698
0.9901480473500778
0.988829710340753
0.9903770988566544
0.9897404136397424
0.9895531898018445
0.9892861860582315
0.989811008194043
0.9906105887929026
0.9900529469568862
0.9900303923303442
0.9903317428099137
0.9889950620908161
0.9891647520106279
0.9891071989586295
0.988157941863065
0.9900153571980331
0.989509811960509
0.989662503967208
0.9890535020575187
0.9891046538990437
0.9892155336616676
0.989494059584133
0.9903349472713012
0.9901723680937263
0.9868843207794336
0.9878812707491766
0.9874132921336003
0.9883760033396117
0.9893709712477986
0.9891975601423802
0.9889459038793001
0.9890538799603057
0.9877243176957469
0.9891737676914033
0.9884996585301266
0.9882215799211642
