0.09637207443180305
0.05315607741554187
0.04620026243487663
0.05061785331184677
0.03691932656946984
0.038335409748801265
0.03576453079817601
0.040232203081287846
0.036456683188835
0.03527438227206823
0.03738859699653508
0.043227706876500314
0.04090529948092634
0.03920201585685285
0.0429761231261912
0.03977141879726788
0.039974700056989894
0.04585292697327514
0.037275736371517966
0.036559842924201676
0.04682455740592261
0.036061954491795056
0.03838691481035829
0.04411960835409738
0.04000366073584719
0.04230686455742862
0.034491190176559786
0.03994259045294342
0.03686048692440163
0.03560737562821253
0.0461981170169401
0.048756333106141636
0.047325857895920004
0.055679914888699666
0.040209943134434635
0.04311493014300603
0.04232588272550234
0.04491339241278527
0.03966430999152221
0.04513260342852919
0.039548996602939875
0.03544823219634862
0.03640423048761176
0.048213918166861616
0.048061683417187515
0.05031692919019861
0.0502273684108876
0.04040368290094149
0.04380945144713091
0.042668063757484054
0.04219626129522735
0.04523666715214115
0.04377239933936455
0.04891579535017569
0.05028359368838895
