0.062409687814596236
0.039986737563901094
0.035755225168463405
0.03450878481443012
0.030726594342983127
0.04027393076070818
0.029333694336904338
0.028887278962167702
0.02806878803306821
0.028351515370553148
0.028192998115081573
0.027954207995465406
0.027741762188809038
0.027391941694974418
0.02444132456604447
0.023600928087163096
0.023518602569705914
0.022819904707954
0.02241410650425874
0.02249297669445938
0.02214107195201142
0.02208671167126645
0.022040055711213043
0.021955764830340285
0.021883761341263918
