0.9645543613004841
0.9839037050946602
0.9857707453822439
0.9865267360514693
0.9870124336803746
0.9867276569373203
0.9875643259954175
0.9873217278307727
0.9881223611588246
0.9884103038017575
0.9886558557779824
0.9889275486010748
0.9891719630127879
0.9893982805083851
0.9895819219821085
0.989763604531181
0.9899207735290605
0.9900570768944869
0.9901492658937583
0.990322596020008
0.9904153827226672
0.990505258031406
0.9906228127912166
0.9907026543953457
0.9908065660933156
0.9908942858137083
0.9909583519045561
0.9910183420439155
0.9911082983318229
0.9907653746895336
0.9912117318670829
0.9912897109503332
0.9913542976215508
0.9914136090783541
0.9914795261216278
0.9915175053517205
0.991584255323586
0.9916418932109039
0.9916797798933753
0.9917337582935009
0.9917951443594816
0.9918053014609197
0.9918632594087614
0.9919114767194608
0.9919448131438846
0.9919982401144333
0.9920343452551945
0.9920438506671326
0.9921237462573742
0.9921633257900853
0.9922100661949946
0.9922604892240018
0.9922774408633039
0.9922998065384524
0.9923147028493314
