0.2938415074411715
0.14641783875454428
0.12976509252445909
0.1224872244708852
0.11848758798613222
0.12130014870258363
0.11230438847319779
0.1145741969482568
0.10704162396021735
0.1046037333486717
0.10213342320766146
0.09952845102251856
0.09710916841771225
0.0952109185301402
0.09352476299863467
0.09211529255485727
0.09039698344967659
0.08924535238474705
0.08844575290430487
0.08712259610554231
0.08619063817075717
0.08545252311356236
0.08421679079864011
0.08377099093562851
0.08281356103799245
0.08222226986823011
0.0816181037308578
0.08131033063710624
0.08022898232429233
0.08415218463013623
0.07928557325665747
0.07875865986507169
0.07828485007716274
0.07765117027232644
0.07700200178744006
0.07690575044288656
0.07611854086515425
0.0756380749635242
0.0755034788269978
0.07493882601440992
0.07444916989975335
0.07397866952530747
0.0737786242643751
0.07327885362786839
0.07292243940174384
0.072719109282067
0.07225572152285901
0.07222489467361885
0.07148271643749415
0.07090339483728546
0.07056495660361932
0.07021022606466887
0.07028115406022369
0.06990858558673645
0.0699891694697853
