0.98538602492
0.988575482025
0.989072285368
0.989265771595
0.989356938715
0.989423889206
0.989511138476
0.989599849228
0.989684522589
0.989770919649
0.989871345387
0.989962392966
0.990087498069
0.990181850369
0.990337584879
0.990454939118
0.990604661889
0.990739692725
0.990887583823
0.991009785245
0.991136035625
0.991249040127
0.991364223354
0.991450342772
0.99153683238
0.991632823544
0.991728961242
0.991814961119
0.991890329588
0.991968011748
0.992040977835
0.992110427112
0.992199758704
0.992242507992
0.992334095432
0.992377720067
0.992445916096
0.992524369485
0.992565934936
0.992641673595
0.992704239644
0.992762255434
0.992812767154
0.99335635332
0.993489163013
0.99352472058
0.993560359127
0.993593271375
0.993613805378
0.993644785694
