0.0608996492428
0.0437568033461
0.0410693403769
0.0397340916257
0.038843511379
0.0381590468766
0.0376164494466
0.0370135701692
0.0362266933549
0.0357340967628
0.0350812653055
0.0344599487384
0.0336704764234
0.0332470341777
0.0325088211219
0.0319331765767
0.0314542221784
0.0307136242167
0.0303227871417
0.0297745984805
0.0294675377064
0.0290473503915
0.0286499012647
0.0284130707184
0.0280105434659
0.0276147862343
0.0274500093878
0.027102010101
0.0269044606678
0.0265864457009
0.0263396799748
0.0261117238255
0.0258770419929
0.0255932605578
0.0254910387916
0.0251559970313
0.0248821554284
0.02467596417
0.0245775910137
0.0242274694657
0.0240275566776
0.0238091220412
0.023553186538
0.0216965359321
0.0211895535478
0.0210036549139
0.0208221423763
0.0207128972724
0.0206248533529
0.0205576124947
