0.9656243968980012
0.9815241013749368
0.9835622930635187
0.9844483902636941
0.9850789711937508
0.9854083443218209
0.9857502306595215
0.9859850046940154
0.9861666216885228
0.9863175822834731
0.9864201443286325
0.9865312400357061
0.9866221834982408
0.9867366340565868
0.986794403053035
0.986852966416566
0.9869276407785057
0.9870332646074698
0.9870798122048348
0.9871504376083424
0.9872338422958917
0.9872898721682896
0.9873781047567503
0.9874404317235477
0.9875161742392833
0.9875868459166015
0.9876501484895734
0.9877423567695993
0.9878126196949235
0.987853386922108
0.9879317554765981
0.9880050339119164
0.9880577937683614
0.9881229318691559
0.9881812522951811
0.9882315596396615
0.9882856382997102
0.988338166787102
0.9884306372853883
0.9884840719682386
0.9885143196158015
0.9885788484447557
0.9886193341729254
0.9886709371841041
0.988719756054342
0.9887770430319291
0.9887987068876161
0.9888788531276653
0.9889332209990306
0.9889678916516617
0.9890069004740413
0.9890535753243855
0.9890837959788922
0.989145282304796
0.9891791238849863
0.9892093252587385
0.9892529383252779
0.9892908481446546
0.9893300883360876
0.989366355435186
0.9894192464007613
0.9894221925000395
0.9894784228922835
0.9895142966639914
0.9895471356449508
0.9895762187349456
0.9896162879988193
0.9896463775441958
0.9896716970309243
0.9897163821074105
0.9897344751673754
0.9897704993289681
0.9897765303489564
0.989827177034715
0.9898623374185087
0.9898815256253257
0.989911244980217
0.9899279922435221
0.9899570329158572
0.9899895595485947
