0.026201830970230263
0.014504146542129927
0.0132158548430659
0.012667723008051857
0.012277225290168814
0.012058115176412157
0.011833990941241681
0.011668037243294752
0.011537702627045083
0.011423455345090634
0.011328180779514438
0.01123541193297107
0.011138719725211913
0.011030278789706336
0.010958226311256149
0.010890697713000833
0.010814693853605537
0.01072515707273796
0.010663631256356259
0.010588688917819571
0.010511620714060166
0.010449864333912087
0.010371916107164961
0.010307044770388794
0.010237677634282035
0.010169418681189812
0.010105378876139201
0.010033486814148458
0.009974832530162847
0.0099248617367585
0.009860858030754687
0.009800716226325964
0.009750179561372354
0.009690271081609544
0.00963550127571035
0.009591475723531131
0.009540899525381698
0.009491218369532286
0.009422611240718852
0.00937677370273716
0.00934475527204044
0.00929357020628288
0.009246095290771406
0.009208979980105952
0.009167624285973237
0.009119561466908316
0.009094556533614545
0.009030819941375152
0.008989841648299104
0.00895070098222831
0.008915015824288807
0.008879324163331178
0.008850120241940398
0.008801478645671323
0.008766489254538086
0.008740082412105197
0.008707167132126131
0.008677543920462695
0.008639714468787392
0.008609545591296964
0.008571159838312107
0.008557174767614435
0.008515579209375599
0.008485605320753188
0.008454271933237561
0.008431369059130509
0.008399444180339506
0.008371061564719463
0.008347498638626487
0.008314394143532178
0.00829587137916883
0.008267830149523607
0.008258278951148173
0.008220057604546827
0.008194210458267268
0.008180247546550916
0.008158053794208728
0.008140617966254628
0.008114872329193126
0.008089485233670793
