0.08494325350176393
0.04593819411721439
0.04381216633740115
0.04227919442005341
0.041152406851522154
0.04033212030637376
0.039442039636430455
0.03889571771116036
0.03837675535719534
0.03783705086739852
0.037300292558785426
0.036828495064053175
0.03626846235705832
0.03565722875135141
0.03503804248403442
0.034333605323498044
0.034033151686856215
0.03340794925952398
0.033079250523853944
0.0326000951039413
0.03205783019538537
0.03139306615053335
0.030961890117704702
0.030666541233790593
0.03008667425936691
0.02977680667998523
0.029528607428638748
0.02925842458517346
0.028860620632278126
0.028524499301230716
0.028352375497671053
0.027845930958640734
0.02803331610363279
0.027524507598184655
0.02734157909366867
0.027096866814305242
0.026700797608691332
0.026558838164283678
0.026528194506217472
0.026368606655317362
0.02590157673617701
0.025946040133413024
0.02560901409827054
0.025538100041251368
0.02531579110440971
0.025205574673641682
0.024871075789954646
0.02458329609246199
0.024523616150597716
0.024322659377406908
0.024143796201135388
0.023901072748538248
0.023571802322729943
0.023579537811071728
0.023227253400630983
0.023206860567486616
0.022972146134813205
0.022589881854762114
0.022451430140216153
0.022208013271713817
0.02229848447203305
0.021993787862249387
0.021710405902433852
0.021458051862448854
0.0212890778886875
0.02090148050512197
0.0208712757610035
0.020656693786088944
0.02033899015294412
0.020030337121523117
0.02000521489771849
0.01971960781645317
0.019603860039910735
0.019369980417303072
0.019260913683423978
0.019048541613179218
0.018702126328172274
0.018483256165664066
0.01860549465426222
0.018405593019887326
