0.9821308320117533
0.9880279741535472
0.988688656197433
0.9890067153787987
0.9891878040806344
0.9892661803474262
0.9893168771631464
0.9893607678725498
0.9894233686260602
0.9894696540051648
0.9895430712619152
0.9895972540380378
0.9896793707711907
0.9897630955192638
0.9898542472139464
0.9899457729552652
0.9900450225668119
0.9901435163727847
0.9902665892845156
0.9903831568696989
0.9905215039950958
0.9906593691016315
0.9908129325984312
0.9909430545539847
0.9910760763350056
0.9911920385044996
0.9913134455590469
0.991402935252697
0.9915294401387178
0.9916053446127906
0.9917036764604261
0.9918061073964552
0.9918670692858383
0.9919504624049351
0.9920237369841025
0.9920907414619267
0.992178881502766
0.9922168915820658
0.992270673318496
0.9923367985939178
0.9923883283382298
0.992453235069971
0.9924844236183504
0.9925582187778876
0.9926146612584305
0.9926559991959463
0.9927108876476813
0.9927443590373862
0.9928059224863078
0.9928497052234865
0.9929199141626982
0.9929610207311608
0.993006770105292
0.9930388417122248
0.9931104812834158
0.9931454642842688
0.9932012435068589
0.9932658957326416
0.9932484389375731
0.9934028160822099
0.9934224901640388
0.9934516850824093
0.9935720548323679
0.9935974630105667
0.9936667079120566
0.9937335234384872
0.9937784707332338
0.9938146761339182
0.993905407508154
0.9939584874251228
0.9940081739293104
0.9940341258247845
0.9940878265820461
0.9941879129783354
0.9942404954518397
0.9942563056704792
0.9943263912128625
0.9943406049850344
0.9944135903528853
0.9944608898996734
