0.0934032061511
0.0503670458812
0.0448095918413
0.0423524010383
0.0401690528879
0.0384106194066
0.037085641682
0.0356987103874
0.0345389924794
0.0335266766644
0.0326156541281
0.0317757824981
0.0309257981468
0.0304508032826
0.0296787626562
0.0292568573018
0.0284929819064
0.0280684584317
0.0275357086348
0.0270748755294
0.0264196052662
0.0260478953836
0.0255681597744
0.0248994418458
0.0245123418229
0.0239983938869
0.0234167276069
0.0233390928477
0.0199610947087
0.0192851899575
0.0189327194078
0.018722290682
0.018520368519
0.0182696467702
0.0182367143486
