0.966714627158
0.984329470426
0.986368082435
0.987184394873
0.987643913094
0.988141830865
0.988505677982
0.988945957865
0.989299991078
0.989652736337
0.989949050684
0.990203028349
0.990471424164
0.990572424468
0.990878571999
0.991002408428
0.99120328304
0.991350179252
0.991546414915
0.991696646697
0.991859927694
0.991979857843
0.992149347243
0.992293270363
0.992385324397
0.992604284356
0.99275440431
0.992840442749
0.993871176457
0.994052697047
0.994144006844
0.994210517735
0.994269011688
0.994322770287
0.994379397863
