0.967432394028
0.970500262036
0.970540540096
0.970499352081
0.970535524874
0.970540343605
0.970488720772
0.970424871833
0.970600051039
0.970648974535
0.970517114195
0.970656679516
0.97069405223
0.970794098758
0.970663386813
0.970910963112
0.970887926369
0.971074120308
0.971174308011
0.971061730154
0.971255396355
0.971378735256
0.971327867842
0.971436790659
0.971300868918
0.971429329853
0.971445376984
0.97150851818
0.971401829214
0.971494157412
0.971402460641
0.971561262693
0.971402851709
0.971468699858
