0.0430004673703
0.0330087788977
0.0320715148338
0.0317014774951
0.0314147120716
0.0311168173065
0.0310777218441
0.0309647490771
0.0302635923019
0.0303761781277
0.0302522205926
0.0295118502036
0.0293781840415
0.0288984168005
0.028909272428
0.0283824675831
0.0282553023554
0.0269282500036
0.0271038402251
0.0275452843118
0.0273227825601
0.0266886123143
0.0263772095616
0.0264003105584
0.026263698907
0.0260186344486
0.0257449451835
0.0264739852175
0.0262935957551
0.0255225081066
0.0257571463021
0.0258339463691
0.0262531241851
0.0258911874991
