0.981408617368
0.988421182003
0.989117494881
0.989272199799
0.989357305049
0.989405780722
0.989457553404
0.989543429884
0.989581351272
0.989685278394
0.989805941212
0.989968173336
0.990142752855
0.990355947869
0.990560215894
0.990742230072
0.990972716067
0.991149424181
0.991298915583
0.991457387959
0.991596078282
0.991747844813
0.991824478099
0.991935874586
0.992018384647
0.992099969231
0.992169403084
0.992234787978
0.992316553802
0.992380739433
0.992437201195
0.992499632277
0.992570400359
0.992617102202
0.992701505633
0.992750995473
0.992805479029
0.992850472598
0.992910794366
0.99295106415
0.993020050689
0.993079473974
0.993132573172
0.993147743269
0.993190573537
0.993283572328
0.99337023932
0.993446660518
0.993478288667
