0.0620105983941
0.0443645469425
0.0413196496016
0.0400028843819
0.0391075790125
0.0383324571018
0.0375552675424
0.0368107734881
0.0362292955841
0.0349083551655
0.0339929834851
0.0330986780229
0.032392350673
0.0317722253646
0.0310579278559
0.030653184016
0.0298755242969
0.0295325781456
0.029018412993
0.0284646177791
0.0279248216949
0.0276429820396
0.027381001978
0.027104331273
0.0266577825249
0.0264532891431
0.0261951870058
0.0262747019951
0.0258149571405
0.025623110915
0.0253072602136
0.0251425903155
0.0246301040027
0.0246405255658
0.0244944301788
0.0242733526132
0.0238052034251
0.0239982977001
0.0235250740429
0.0234965576715
0.0232005955429
0.0229608273783
0.0227406971069
0.0225929128157
0.022487665992
0.022213218118
0.0218846677726
0.0215703317279
0.0215575082069
