0.9837997201298233
0.9893926042542784
0.9898704199107693
0.9901248603147903
0.990286899631241
0.9904068914784124
0.9904590073576592
0.9905388373933358
0.9906222150878289
0.9910270222395636
0.991340527306731
0.9915400561221115
0.9916491890483834
0.9917573232315754
0.9918165421407573
0.991902781099209
0.9919330518836773
0.991976383451202
0.992017952757771
0.9926167320114572
0.9927952139552928
0.9928615821682205
0.9929120668956418
0.9929620927411076
0.9930019923343423
0.9931044232703713
0.9931284856519104
0.9931523976435648
0.9931449359915971
0.993163962240077
