0.06524722721914405
0.041502984662888355
0.03901531059169727
0.038135287301774456
0.037479813928281175
0.03676597016167092
0.035943183342796524
0.03463093788589692
0.03365478896890622
0.03202319592623464
0.031009521838094
0.030208783047469105
0.0300127594433546
0.029690886634202628
0.02938998762931461
0.029098287092496837
0.02941039694806889
0.028849448976223446
0.02911336978745409
0.026909152676142134
0.026224308211091858
0.025895140283958295
0.025683569770126532
0.025551524273589882
0.02505811347866453
0.025035456773213758
0.024935723180485578
0.024866799063489146
0.024752198254121414
0.024745282125234462
