0.955776021957
0.959923168182
0.960599933624
0.96140328598
0.962041435242
0.962319770813
0.96262571907
0.962795124054
0.963076107025
0.963150102615
0.963356729507
0.96346387291
0.96350702095
0.963532938004
0.963665740967
0.963679672241
0.963937509537
0.963889614105
0.963952796936
0.964004606247
0.96398077774
0.964004573822
0.964261774063
0.964396915436
0.964612480164
0.964479955673
0.964630722046
0.964618772507
0.964610517502
0.964587001801
0.964549953461
0.964588264465
0.964851224899
0.964601678848
0.964677350998
0.96458426857
0.964699623108
0.964839841843
0.964556083679
0.96468844223
0.964727970123
0.964672714233
0.964533649445
0.964768438339
0.964615131378
0.964864601135
0.9645215168
0.964716205597
0.964765043259
