0.0842451876495
0.0692830416495
0.0653737862604
0.0624871427696
0.060078137612
0.0592446746258
0.0581214743098
0.05723296839
0.0565813363316
0.0561227290006
0.0557253942834
0.0549373672013
0.054925476606
0.0548040949367
0.0545174886538
0.0540464681741
0.0535885194056
0.0539096550411
0.0531986547103
0.0534758983562
0.0530840587057
0.0531369191371
0.0525314034447
0.0517451145025
0.0511314579584
0.0514611585932
0.0512662202148
0.0512569493055
0.0510286687491
0.0512741970401
0.0511756150341
0.0511190433176
0.0506321594268
0.0510576056493
0.0510780742862
0.0510214219512
0.0507725563534
0.0506274218773
0.0513721433692
0.0506370202936
0.0509168208884
0.0510243388014
0.0511235699076
0.0508995866999
0.0508341639526
0.050635567076
0.0512019391973
0.051116122392
0.0504273574613
