0.948057022846676
0.9826629499850443
0.9851803262636822
0.98608250746921
0.9865699712152218
0.9869381603581272
0.9871435659474606
0.9873264747525153
0.9874569900354593
0.9875681512970981
0.9876793009902842
0.9877642288574342
0.987833751401788
0.9878877915003278
0.9879481903916812
0.9880062871609548
0.9880481495349914
0.9881125896724752
0.9881731466660151
0.9882135012850546
0.9882231532307264
0.9883045488636633
0.9883403493685043
0.9883800831472509
0.9884064476508699
0.9884264148001662
0.9884619029567855
0.9884993384696029
0.98852834443658
0.9885447716393614
0.9885744987065544
0.9886072837014014
0.9886154394605288
0.9886521808661866
0.988657004910947
0.9886821508708854
0.9886821277339801
0.9887124833537678
0.98871879201662
0.9887378028404963
0.9887501232425824
0.9887693153055503
0.9887685247946183
0.9887721881379616
0.9888035000831694
0.9887740583711421
0.9887664463292899
0.9887961386911249
0.9887923288140479
0.988798228724906
0.9887922054172195
0.9888030373450629
0.9887936668984059
0.9887653897439467
0.9887713783462752
