0.205429038415586
0.07696698040960111
0.06587918148495375
0.06160286688197584
0.05971018854662351
0.05777148546456598
0.05678488196188945
0.05589999189228008
0.055469781203660994
0.055077717338008716
0.05453584912862174
0.05407714604623456
0.053675787054079487
0.05332354644710273
0.053043607408677446
0.053044783526225193
0.05277547529562724
0.052555716067688135
0.05214947729828323
0.05213001409217448
0.051927522369932276
0.05164483931251689
0.05138739624449271
0.05128410027007247
0.05116100703917551
0.051057681314212254
0.0509325049413683
0.05091608971515508
0.050522350762411294
0.05081485719334109
0.05052422533517373
0.05025479298613124
0.05023674055790853
0.0499471949000596
0.050096552726281454
0.04994445536751653
0.04982777406071544
0.04978848413284421
0.04986644145087187
0.04978924756787297
0.049695247448632476
0.04949411003651991
0.04949654802860773
0.04957549356344013
0.04934645672737121
0.04965825132330861
0.04951782256627485
0.0494437046077913
0.04938168268455891
0.049388318506415695
0.04933881359812675
0.04918284464504175
0.049527621454502076
0.04955744924104241
0.049601954831404005
