0.17915667517598843
0.07599404109663092
0.06580674163065145
0.06190058039649587
0.059506682161734145
0.058052163718925874
0.05712614673250307
0.05608646721325651
0.055753013363876724
0.05500457873805653
0.054336858669939384
0.05423899396824692
0.053959095364331536
0.05367353997441112
0.0533413028521974
0.05277987984841087
0.05255236754008909
0.05232155687931905
0.0522292731238008
0.051757553373438736
0.0516634185977105
0.05163670055585164
0.051350261085912195
0.05108489484745338
0.05108363471646592
0.050983306049683014
0.050684409495184206
0.05052712736879601
0.05069493385262944
0.05149012702355519
0.05011663263080426
0.04991843127465501
0.04996343192945444
0.05000845689372656
0.049633906790570066
0.049608981257997925
0.04983119160503654
0.049579879339141375
0.04951734679788991
0.04939703067629543
0.049216812330121366
0.049150139474683496
0.04907223900852102
0.04899682736672444
0.04928364631260228
0.04905394810334974
0.04884236726447627
0.04875544003204607
0.04879879693239212
0.048943815844654584
0.04879741015753904
0.048653946806753647
0.04902431989991969
0.04867745916758534
0.04856019154273864
0.04881544972047123
0.04879200100495805
0.04874666781174826
0.04891796376003531
0.048802827629652594
0.048928835736397
0.04886581202310416
0.04897854878786751
0.04897616876607927
0.04922396472933198
0.049247505045845436
0.049447644858731446
0.049499990221791745
0.04995533618449954
0.049990463521758025
0.05038053080974307
0.052541672018876065
0.05143215541537434
0.051056244980853586
0.051874335569988335
0.05267779664332996
0.05373791597043591
0.05431743125184817
0.05520023335696833
0.05462796745281916
