0.9511128450422116
0.9828530466553537
0.9851399099462286
0.9860154914229332
0.986509684152244
0.986868344746306
0.9870988770148235
0.9872916382853961
0.9874148423062571
0.9875525724475119
0.987660945712059
0.9877274527464185
0.9878063997235418
0.9878714568451675
0.987939687578974
0.9880113194378632
0.9880711090573766
0.9881285155756413
0.9881661169029469
0.988223373031327
0.9882658331087512
0.9882918312780358
0.9883630852341381
0.988395596442272
0.9884350332974001
0.9884500260120515
0.9884758699353006
0.9885363690865772
0.9885634816834684
0.9880950364736345
0.9886239422732361
0.9886436317796685
0.9886646169527993
0.9886720863170686
0.9887113804946139
0.9887185490791142
0.9887422258455645
0.9887665157400058
0.9887903776016987
0.9888014601793499
0.9888257076561315
0.9888424549194367
0.9888558010576589
0.9888564450348571
0.9888627112800495
0.9888799020007069
0.9889038718346246
0.9888961402520948
0.9889163580511988
0.9889322878105158
0.9889245330910806
0.9889266925355777
0.9888039319720688
0.9889338804008324
0.9889401967759864
0.988938700589442
0.9889080287652815
0.9889047741739323
0.9889106432355833
0.9889072498228022
0.9888814213241566
0.9889103385996632
0.9888796127893903
0.9888697911730794
0.9888445488093687
0.9888043021625541
0.9887904354439621
0.9887802050756571
0.9886780942001516
0.9886382524491802
0.9885458744985153
0.98787937352294
0.98835340629541
0.9884000310157928
0.9881948915008707
0.9880487588068316
0.9878407503156491
0.9876896161939087
0.9874854252921049
0.9876372342402506
