0.04500784599833004
0.03761803478968469
0.039983500604839496
0.03897644931792701
0.03675054684695584
0.03610875876373283
0.03426420458069738
0.0420194857471145
0.03398908149109273
0.03360572519448781
0.03514232679388123
0.04433300986458609
0.03986409532472525
0.03665243429342454
0.03412625732572054
0.0510671702593693
0.04488568326059634
0.037241553360987466
0.04228701169461592
0.0420302921689111
0.044710159919344475
0.029271482089183714
0.02850577969523935
0.02807836492383739
0.02826199169692696
0.02842651465133356
0.028100558745611005
0.028109274955223026
0.028353374687230343
0.028063608123055906
0.027491889305606705
0.02732505807325918
0.027151169899793656
0.027268517238509482
0.027295532322373164
0.027209263301289966
0.027168264227976004
0.027168722064459087
0.02719507122914584
0.027166532472600712
