0.9867529224379363
0.9882227830402411
0.9883520720672029
0.9886407550911064
0.9889059348753495
0.9893117484824658
0.9898289740010286
0.9887446513644728
0.9900627955662532
0.9901783065660933
0.9897751922645983
0.9879663567185131
0.9891685696000068
0.9896501218667078
0.9903182501379576
0.9877533467996292
0.9890245655012576
0.9895818525713924
0.989635869533027
0.9896755531818119
0.989172610846137
0.9911565542040313
0.991324115528553
0.9913719086626548
0.9914015663191318
0.9914301673902657
0.991447184584133
0.9914599522997221
0.9914813693617521
0.9914743935847963
0.9915922298436217
0.9915977364270893
0.9916082675751635
0.9916088961277582
0.9915965487326158
0.991611202105989
0.9916108049224476
0.9916155325634358
0.9916120427468825
0.991625928746229
