0.061030910362385726
0.0448674182827677
0.042179791013422355
0.04123451333188908
0.04016189831870356
0.039544302183124554
0.03875066979303636
0.03803118860213962
0.037216237438562574
0.036409188423466736
0.03568568346715498
0.03525992438935227
0.03445768142192012
0.03389422529317497
0.03332709869671597
0.03275543617662198
0.03231452327595385
0.03210733164622457
0.03184303578383804
0.031222392704892344
0.03090047620807388
0.030440282452233007
0.030295377958726936
0.029847755756098302
0.029507068541990197
0.029167803950298984
0.029153263114914316
0.028781442089810767
0.028267347037562493
0.02818209867917862
0.027890932218788064
0.027482369384147737
0.027354942959970315
0.026992130526811042
0.026875005721940456
0.026491322570181733
0.02647599093295918
0.02608817092422843
0.02591892366051238
0.02557679114588846
0.025459879686849297
0.02518868152902287
0.024923126999592884
0.02491047365333445
0.024694372605864736
0.024349403968902287
0.024109052531355285
0.02396518582139717
0.023629918288734186
0.023424456394984774
0.022989619683802864
0.023072539095568903
0.022622307885361948
0.02248527542875064
0.022277294523027364
0.022067233352171808
0.02179189825405564
0.021601827190056846
0.02143266690918027
0.021379433423073597
0.020954415841380664
0.020814568273645927
0.020535846666586137
0.020348388823711882
0.020287134446201827
0.019998332602766268
0.019653605075262624
0.019464690210935533
0.01918483853372158
0.018947825413352617
0.018696888591665826
0.018761479877131303
0.01866483478859869
0.01815220815385415
0.018028620556364058
0.01782048535800384
0.017711350692415858
0.017604252227128026
0.0175037823159917
0.017238873624051493
0.017022749665858154
0.01700848785702338
0.01673762745579099
0.016417889822616192
0.01629982349134008
0.016404883634785764
0.01596249500419008
0.016003152609564832
0.015740367425768054
0.015698653260998605
0.015606406394986302
0.01546533046843847
0.015305504249914868
0.015169054624714693
0.015105027021707943
0.014803867749465002
0.014740582575773481
0.014600659016870942
0.014473866085510816
0.01458157081108014
