0.9828943344629079
0.9883035886820922
0.9889528680878032
0.989141680659867
0.9892425151494286
0.9893150840529836
0.989398319069894
0.9894780719825527
0.9895885738423896
0.9896933570304602
0.9898345538513631
0.9899544415824607
0.9900883194289787
0.990210378173026
0.9903329073674817
0.9904604379896386
0.9905345416412469
0.990642224654785
0.9907094296524553
0.9908524427204263
0.9909381495300555
0.9910595527284519
0.9911248604998855
0.9912330563814916
0.9913278020088017
0.9914104778838332
0.9914819824897433
0.991570558275633
0.9916515644373302
0.9917288031396102
0.9918065315730529
0.9918836353100519
0.9919448941230533
0.9920292975536825
0.9921013227399624
0.9921538666519578
0.9922200574819445
0.9922945930224523
0.9923514288303856
0.9924046321441827
0.9924756200258739
0.9925617934297606
0.9926043614794096
0.9926450747204815
0.992712684613995
0.9927973656874881
0.9928535112444126
0.9928892114893306
0.9929785430807944
0.993025241068044
0.993121872353138
0.9931664378889468
0.9932389797994456
0.9933038942434886
0.9933818116283248
0.993440814593057
0.9935220058499968
0.9935652140206932
0.9936284857444581
0.9936883717677435
0.9937492758148633
0.9938234527333385
0.9938976605010207
0.993922266599835
0.993988380306804
0.9940717117274865
0.9941116151768721
0.9941762404095985
0.9942469275115203
0.9942812742474768
0.9943485062382033
0.9944185570752286
0.994430183370155
0.9945051932172219
0.9945806889393006
0.9946271439890443
0.9946765489942171
0.994681669962596
0.9947472399522899
0.9948194001038507
0.9948809751212251
0.9948930988596159
0.9949552368750197
0.994974691156248
0.9950190098984
0.9950573438943743
0.9951521705008529
0.9951554752221636
0.9952226416583251
0.9952432682094232
0.9952684874362285
0.9952713139948292
0.9953448585045588
0.9953834200134355
0.9954107986847379
0.9954434911319635
0.9954878715725297
0.9955428294349807
0.9955816223129107
0.9955607489681557
