0.965198877796
0.965643464013
0.965783053874
0.966108202368
0.966822635134
0.967228722781
0.967509405858
0.967666548098
0.967738470937
0.967835490418
0.967894488524
0.96798794164
0.967988751726
0.968113963891
0.96807342598
0.968188661332
0.968161886491
0.96821356786
0.968252326788
0.968268786879
0.968267250395
0.968313764315
0.968314153706
0.968335829051
0.968381819965
0.968384635797
0.968384452555
0.968419295429
0.96855789196
0.968601156373
0.968573301161
0.968636222192
0.96861998229
0.968592925712
0.968609635938
0.968619107305
0.968661094362
0.968601546527
0.968641724824
0.968614870143
0.968616964127
0.968625936157
0.968630253818
0.968657394382
0.968618201016
0.968636805516
