0.0522572880317
0.0466444444808
0.044723376375
0.0421436768218
0.0399080750782
0.0388147999366
0.0377379856069
0.0370072797289
0.036916260736
0.0362702258604
0.0363024727112
0.0357181929338
0.0360369287315
0.0353235805467
0.0356290761265
0.0352175052006
0.0350238544415
0.0350107101965
0.0348917332289
0.0347402651831
0.0347932048985
0.0346754801791
0.0345785028499
0.0345491514417
0.0343636545025
0.0342749970032
0.034334833155
0.0341079312273
0.0332830276139
0.0330684067929
0.0333416237834
0.032949517005
0.033117504198
0.0331008083362
0.0330817609455
0.0330145534102
0.032880514903
0.0328971505748
0.0330441297769
0.0330921242685
0.0330753113952
0.032930880095
0.0330770497753
0.0328966877353
0.033036689101
0.0328536082313
