0.06108033192754244
0.044845531123841174
0.04223928149033593
0.041269055562268495
0.040307605301592726
0.039752584729331415
0.03900403986946935
0.03862401065156561
0.03798169302825889
0.037231282024845075
0.03665976571839417
0.036198548564961804
0.03551461554109101
0.034841835173070504
0.03422387936810351
0.03345018343438411
0.03290461191974838
0.03249234451785484
0.03198599426458513
0.03140943739746808
0.031099830880960733
0.030619455729737136
0.030387457543012017
0.02996672725407108
0.0297442001001361
0.02919066896780267
0.02923152056641054
0.02887013060597871
0.02839110228606086
0.028327185285906314
0.02801286928649424
0.02766047170188486
0.0275752983812223
0.027175708698136566
0.027027479515311873
0.026631163968404557
0.026666231889777604
0.02638978123926577
0.026174487059830956
0.025846672482319723
