0.982869855617073
0.9883511465909899
0.9889706835049042
0.9891504379785329
0.9892385356017126
0.9893137729616819
0.9893738980663224
0.9894411339131997
0.989522379156252
0.9895868925606026
0.9896951732775283
0.9897587033634027
0.9898537613389345
0.9899359629074069
0.9900652287974634
0.9901991336370376
0.9903010555611496
0.9904428153800819
0.9905661582223749
0.9907167370583875
0.99084881022629
0.9909647184096716
0.991067168626455
0.991191541061035
0.9912754470481998
0.9913889220003712
0.9914784116940213
0.9915435382263631
0.9916522354075846
0.9917309780087108
0.9917997601720941
0.9918642851448974
0.9919297625869701
0.9920222022360492
0.9920701264792812
0.9921516917828571
0.9922002600032873
0.992260581771623
0.992306308008849
0.9923751480144957
