0.9818827388320934
0.9883339288772764
0.9889297620316844
0.9891095974844816
0.9892015358339454
0.989253898506849
0.9892909136992197
0.9893219364331111
0.9893574207335794
0.9893888483633139
0.989423511303643
0.9894570906655729
0.9894836402644345
0.9895133172016659
0.9895582452156582
0.9895874439901796
0.9896228511676302
0.9896622263243441
0.989711010489224
0.9897492442252752
0.9898408278088573
0.9899360168935194
0.9900334733949034
0.9901433158529386
0.9902566828328851
0.9903639763751836
0.9904869490269913
0.9906019008849527
0.9906878853374459
0.9907799046660783
0.990901057214667
0.990974455190663
0.9910752858240737
0.9911382374873148
0.9912228722869973
0.9912843933182591
0.9913786492144064
0.9914208316489667
0.9914996243800543
0.9915464881817921
0.9916107933539949
0.991656789521783
0.991705569830512
0.9917631151702087
0.9918075688776417
0.9918583659532849
0.9918802071919127
0.9919119587383217
0.9919810224007198
0.9920034227812263
0.9920303849882329
0.992056059240843
0.99210682932343
0.9921304173984099
0.9921674248784788
0.9921833777747011
0.9921973447532162
0.9922261617687997
0.992271807026857
0.9922985571455648
0.9923184394595417
0.9923245668833022
0.9923640422999392
0.9923851007399367
0.9924174307089789
0.9924327627649083
0.9924608779610303
0.99248972196967
0.9925104526368421
0.9925364662307303
0.9925346654082658
0.9925755367515242
0.9925927776021429
0.9926190572704424
0.9926482290519076
0.9926550081651682
0.9926938704538141
0.9927130548044802
0.9926922200212341
0.9927387174886376
0.992746907953123
0.9927785862326652
0.992797920973216
0.9928107118257103
0.992837431095211
0.9928460418801431
0.9928753910445492
0.9928826174713127
0.9928994495699374
0.9929215800198817
0.9929482260225155
0.9929822141364394
0.9929909675989543
0.993026374776405
0.9930353866010294
0.993041922776784
0.9930857980615839
0.9930877724108383
0.9931131613082828
0.9931373779358573
