0.07375516102851447
0.045910766737529474
0.04353756673251826
0.042557896912052744
0.041492310575510116
0.04081594335168999
0.04040494877802684
0.03992131052527926
0.03969736357255057
0.03933345975901763
0.03883344177905134
0.038616349518163534
0.038251853430545296
0.037917332679018215
0.037522000913777255
0.03691753655077081
0.036757740185760564
0.03633203150340635
0.03599001329494812
0.035527390497554226
0.034629871259121724
0.03411568637813978
0.03351203343080908
0.03326837477665644
0.03284053176986033
0.03233946410521097
0.032119652968571284
0.03183745382561252
0.031369533155387416
0.031035568988073543
0.030925063137223933
0.030356472999701033
0.030341852839969312
0.03013095157237435
0.02976930465070036
0.02956024148436261
0.029148742987988255
0.029244786094980525
0.0289326708388202
0.02884473871615745
0.028520740144988458
0.028290493612921176
0.028206313121663763
0.028024608241561267
0.028069691425144656
0.028030316974983722
0.027774774079442417
0.027481010296194427
0.027474097125203975
0.027405680424378683
0.027357280559391572
0.027007858121816126
0.026905549029234324
0.026986000737910142
0.026755769373432447
0.02671652062569404
0.02666291030675045
0.02637836161322114
0.02611050753561662
0.026276743061141982
0.026266029324417378
0.026090638249799975
0.02609909362083648
0.025939969211300876
0.025915226038843806
0.02581604379178645
0.02560080363470962
0.025683527227254838
0.02537953784752384
0.02536348324002628
0.025411297635208004
0.025340130726345746
0.024908780455702266
0.02500014018859561
0.024999333640651357
0.024932478859809756
0.02477824167045535
0.024729387875620935
0.02473339653228656
0.024660008976182795
0.02453317446740086
0.024501561957543504
0.024247717595263084
0.02420213073774483
0.02424912606496604
0.024269069258066208
0.02414314332424028
0.024067351807333437
0.02354962986818401
0.02378864250705305
0.023723045272231555
0.02365969314287227
0.02369988661580445
0.023455095704996078
0.0231738164503149
0.023373412781286518
0.023221597506643276
0.023199754564003538
0.023144283686619322
0.023068589839254902
