0.9650682512485291
0.9815510211642836
0.9834047808682103
0.9844414723290016
0.9850336537085189
0.9854895124418555
0.985736996349675
0.9859648061756657
0.986140623519238
0.9862725540095578
0.9863867269250399
0.9864800419203705
0.9865964051295568
0.9866892612429319
0.9867535741274364
0.986830581460663
0.9869188680352362
0.9870042393597382
0.9870535595295915
0.9871288971494839
0.9871908732065505
0.9872566668529958
0.9873193871471838
0.987400015406094
0.9874387465856097
0.9875195560836117
0.9875966983821195
0.9876627696714287
0.9877341778735667
0.9877939096508166
0.987878960914795
0.9879285163098523
0.9880052074387063
0.9880478256183168
0.9881421779182362
0.9881687737909085
0.9882484495805495
0.988310394788409
0.9883550297349337
0.9883982957478934
0.988467170458898
0.9885029439706828
0.9885629032608352
0.9886097940556292
0.9886502373661391
0.988712718578972
0.9887580514888075
0.9888233708286936
0.9888407389322916
0.9889052253435862
0.9889376401479478
0.9889736334603334
0.989041443873693
0.989073677438963
0.9891046924605525
0.9891572093794917
0.9891873799040367
0.989232342623387
0.9892670325567724
0.989312014556877
0.9893541468614757
0.9893888676440683
0.989408271795335
0.98945434122999
0.9894974028669525
0.9895180486988051
0.9895558698267114
0.9895905289108897
0.9896160643420678
0.9896515679232906
0.9896757614139599
0.9897105670318719
0.9897470385069674
0.989768305179113
0.989796451224442
0.9898337710527328
0.9898542857754553
0.9898694597291983
0.9899206038584214
0.9899288290282647
