0.026775634386038912
0.014503627256008978
0.013307240099422794
0.012672750708605414
0.012301416773446015
0.01201551831884007
0.011846857968014556
0.011684735522845312
0.011552379761264952
0.01144807228273911
0.011348505774388146
0.01125807072642493
0.011158910255063874
0.01106273295889268
0.01097784828785821
0.01089864363740882
0.010815915374599807
0.010727018868234805
0.010669888406502409
0.010585773537182108
0.010522080340349963
0.010454957822273257
0.010395040422572553
0.010317793426885052
0.010275167469777843
0.010200129861672524
0.010133511146273025
0.010072480962490053
0.01001303382020181
0.009955008938698636
0.009887761854403529
0.009835402515855948
0.009774368348886113
0.009734745039954114
0.009662712272703797
0.009630142306635475
0.009567238281944394
0.00951858241127986
0.009476742974327374
0.009437215482354322
0.009380652499214541
0.009340800802720702
0.009295196895668129
0.009253906670723384
0.009212064103943351
0.009162450776950168
0.00912029464042583
0.009073498392937055
0.009050754055433543
0.009005646364439053
0.008969412475686906
0.0089354929786071
0.008883822431831626
0.008853824825433504
0.00882128972276793
0.008776426967727678
0.008744209463947465
0.008711764061273214
0.008681488431550493
0.008646487889847641
0.008615048492074555
0.008589241386781686
0.008562505346413871
0.008526261768329466
0.008488650055847438
0.008472024796152614
0.008440316667451245
0.008409423796807895
0.008387403351664054
0.008358686063499848
0.008340254449067858
0.008314205882216466
0.008285611042729797
0.008264082582681121
0.008245512795353783
0.008212269570265178
0.008195230654246178
0.008184670193635337
0.008142265031763346
0.008128778328085853
