0.9655011157541225
0.9824137462339287
0.9843220743290667
0.9850145387685687
0.9855405678796081
0.9858044365725495
0.9862180858782695
0.9864917414821637
0.9867712352985019
0.9870449526008103
0.9872583288540284
0.9875078526656677
0.9877086540108412
0.9879203991122338
0.9881072373350431
0.9882385084235611
0.9884016467430148
0.9885373562612044
0.988684877169563
0.9888000025543143
0.9889083642504087
0.9890228302333582
0.9891170938418072
0.989173605733066
0.9892949009592376
0.9893857056003403
0.9894641821270553
0.98952797443119
0.9896167584492276
0.9896513249857847
0.9897258181086327
0.98973692767934
0.9898381092224815
0.9898962406971131
0.9899480095227801
0.9900055008763643
0.9900403296311817
0.9901139088462693
0.9901433852636546
0.99018102900862
0.9902197409073813
0.9902376103105948
0.9903009784381318
0.9902812233771343
0.9903892534442523
0.9904451522075199
0.9904764602965769
0.9905038582486337
0.9905225451558354
0.9905450033786052
0.9906010641002101
0.9906204913883822
0.9906757693113568
0.9906917761936915
0.9907032289618279
0.9907464409886751
0.990783174682031
0.9907981596843806
0.9908201667374964
0.9908673004697964
0.9909096101573359
0.9909238624910167
0.9909476009558812
0.9909756698781925
0.9910058134096814
0.9910219706819008
0.9910750505988695
0.9910841434026626
0.991123333464134
0.9911576724877886
0.9911527096215962
0.9911939048815291
0.9912132858958906
0.9912451107091665
0.9912559619177644
0.9912838573132858
0.9912879564016793
0.9913298187757159
0.9913421893077635
0.9914018285373922
0.9914249692988691
0.991425694255236
0.9914721570172815
0.9914982670149419
0.9915078803991049
0.9915151415312263
0.9915611646920707
0.9915690543767868
0.9915932710043613
0.9916221111568502
0.9916338222870961
0.9916827722664641
0.9916886336158134
0.9917044245536983
0.9917310859809357
0.991762451912256
0.9917730833202533
0.9917906789367537
0.9918220371557722
0.9918463771801752
