0.09393222250434104
0.05386011949807428
0.049195718457971764
0.04699561584883035
0.04555673333718555
0.04442428803132103
0.042922193911759755
0.041969578603971235
0.04101783494162144
0.0402559993568773
0.039447040128337336
0.03856541232942842
0.03785065186556193
0.03743823297853241
0.036954525367201264
0.036443037296075065
0.03563787194007962
0.03533947530880642
0.03497562531569193
0.034606433136726164
0.03437238135430392
0.03405898316305094
0.033571425743451885
0.03374601239284384
0.0332470857339403
0.03302532967037856
0.032830383888445086
0.03271707779350593
0.032483411309376854
0.03219245295027365
0.031926415543386606
0.03197019823255158
0.031828485599217436
0.03171454595120862
0.03126587452673388
0.031335293371602235
0.03111325513871821
0.031041476375637315
0.030780213387691976
0.030704674279679246
0.03063686215501144
0.030096219713703864
0.03044939036807057
0.030275325107983427
0.029952519549499835
0.029835103050962614
0.030056399378209125
0.029712854953996306
0.029733980980663852
0.029451678597173184
0.029407699448135365
0.0294176792191181
0.029328086842976497
0.029146745312363023
0.02924941380555081
0.029019290888726727
0.02889445601259484
0.028916640256361842
0.028738958130799852
0.028658578451346284
0.028484537661836278
0.02848790933481364
0.028280402774954794
0.028459172014741095
0.028177830746733
0.028376958218805863
0.02811362225885249
0.027974822530454687
0.027839172665394103
0.027810457362380327
0.027789121856388117
0.027440058810710304
0.027612644669241848
0.027421437545157246
0.027452560479189973
0.027110730959933334
0.027135127627671833
0.02725707867204209
0.02724509172768553
0.026916244792398222
0.02689111528088265
0.026793528214522556
0.026592369819997175
0.026397414507364606
0.02666803439789599
0.026488729935946233
0.026463181301028794
0.02625573294635957
0.026136349547736297
0.026216459690974702
0.026197148141932962
0.025760112982737556
0.025910032183470405
0.02589444389827088
0.02588824789603009
0.025775531030549286
0.025497613053430894
0.025568642979970267
0.02552214383773952
0.025492352730763328
