0.9818269827464087
0.9894203723968205
0.9897264196681711
0.9900675617687504
0.9902602304917019
0.990373851977607
0.9905108108886842
0.9909076820818921
0.9913734164176519
0.9916375897465133
0.9918034273715883
0.9919366111109466
0.9920070552753625
0.9920750700647192
0.9921208078703978
0.9922001096134027
0.9922348458205987
0.992302328461133
0.99236356799338
0.9930769289145422
0.9932739280949405
0.9933636722945492
0.9934353774203054
0.9935009049923396
0.9935621676614919
0.9936236732681502
0.9937710553550768
0.9937927192107637
0.9938105886139772
0.9938170669474685
0.9938243897780041
