0.07817915945987237
0.04032276551685672
0.038627887477484926
0.0369268203940782
0.0362542384690804
0.035241966075312166
0.03355632116653295
0.031399111835616
0.029756931827180248
0.02923934555751132
0.028765264387805713
0.028377285406053714
0.02824083191528822
0.02804560035901153
0.027905144078418376
0.02760179271643319
0.027657046196721016
0.02721547941063687
0.026955444955083195
0.02421803801822518
0.023799631921614484
0.023628476605860534
0.02320961248706711
0.02318913531568516
0.022825477777073895
0.022469191460114463
0.022166915956695392
0.02200480476530146
0.021931332875196607
0.021947240758671254
0.021875654220852192
