0.965633962105
0.965808942278
0.966111995496
0.966408033564
0.966754157262
0.966995093427
0.967271727599
0.96747289471
0.967567457973
0.967698741585
0.967781027574
0.967886906085
0.967882002811
0.968025630887
0.967990084818
0.968112859089
0.968093164295
0.96814428601
0.96819309123
0.968203603702
0.968221530528
0.968262972437
0.968265622587
0.968305354993
0.968341956235
0.968342438011
0.968341028568
0.968373194569
0.96838403415
0.968411843551
0.968390946988
0.968468451864
0.96845815514
0.968432938626
0.968621352794
0.968642452451
0.968692292993
0.968638736438
0.968675952307
0.968653589836
0.968668310315
0.968681606114
0.968687333218
0.968715619814
0.968670228257
0.968690168902
0.968636594023
0.968653183613
0.968703450195
0.968691402738
