0.0463974670295
0.0446812389599
0.043234187115
0.0417000097522
0.0404258924029
0.039656552545
0.0385631315903
0.0376580094315
0.0374985609635
0.0367396087496
0.0366484673996
0.0360437853592
0.0363093982797
0.0355709569612
0.0358311503554
0.0353798874009
0.0352420218914
0.0352196250075
0.0350645903995
0.034915750727
0.034875099916
0.0347447033477
0.0346220385764
0.0345846304926
0.0344345189912
0.0343862531171
0.0344243955732
0.0341726040415
0.034180432867
0.0340520075809
0.0342297797915
0.0337643864232
0.0339161906078
0.0339038197007
0.0330418417714
0.0328818645058
0.0327447445502
0.032768876473
0.0329029543086
0.0329616099032
0.0328309607932
0.0327338586589
0.0328976458265
0.032754557124
0.0328773420021
0.0327023692708
0.0331026456405
0.0329081208399
0.0328061413402
0.0328176955795
